Gene	OoCyte_1	OoCyte_2	OoCyte_3	Zygote_1	Zygote_2	Zygote_3	X2_Cell_embryo_1_Cell_1	X2_Cell_embryo_1_Cell_2	X2_Cell_embryo_2_Cell_1	X2_Cell_embryo_2_Cell_2	X2_Cell_embryo_3_Cell_1	X2_Cell_embryo_3_Cell_2	X4_Cell_embryo_1_Cell_1	X4_Cell_embryo_1_Cell_2	X4_Cell_embryo_1_Cell_3	X4_Cell_embryo_1_Cell_4	X4_Cell_embryo_2_Cell_1	X4_Cell_embryo_2_Cell_2	X4_Cell_embryo_2_Cell_3	X4_Cell_embryo_2_Cell_4	X4_Cell_embryo_3_Cell_1	X4_Cell_embryo_3_Cell_2	X4_Cell_embryo_3_Cell_3	X4_Cell_embryo_3_Cell_4	X8_Cell_embryo_1_Cell_1	X8_Cell_embryo_1_Cell_2	X8_Cell_embryo_1_Cell_3	X8_Cell_embryo_1_Cell_4	X8_Cell_embryo_2_Cell_1	X8_Cell_embryo_2_Cell_2	X8_Cell_embryo_2_Cell_3	X8_Cell_embryo_2_Cell_4	X8_Cell_embryo_2_Cell_5	X8_Cell_embryo_2_Cell_6	X8_Cell_embryo_2_Cell_7	X8_Cell_embryo_2_Cell_8	X8_Cell_embryo_3_Cell_1	X8_Cell_embryo_3_Cell_2	X8_Cell_embryo_3_Cell_3	X8_Cell_embryo_3_Cell_4	X8_Cell_embryo_3_Cell_5	X8_Cell_embryo_3_Cell_6	X8_Cell_embryo_3_Cell_7	X8_Cell_embryo_3_Cell_8	Morulae_1_Cell_1	Morulae_1_Cell_2	Morulae_1_Cell_3	Morulae_1_Cell_4	Morulae_1_Cell_5	Morulae_1_Cell_6	Morulae_1_Cell_7	Morulae_1_Cell_8	Morulae_2_Cell_1	Morulae_2_Cell_2	Morulae_2_Cell_3	Morulae_2_Cell_4	Morulae_2_Cell_5	Morulae_2_Cell_6	Morulae_2_Cell_7	Morulae_2_Cell_8	Late_blastoCyst_1_Cell_1	Late_blastoCyst_1_Cell_2	Late_blastoCyst_1_Cell_3	Late_blastoCyst_1_Cell_4	Late_blastoCyst_1_Cell_5	Late_blastoCyst_1_Cell_6	Late_blastoCyst_1_Cell_7	Late_blastoCyst_1_Cell_8	Late_blastoCyst_1_Cell_9	Late_blastoCyst_1_Cell_10	Late_blastoCyst_1_Cell_11	Late_blastoCyst_1_Cell_12	Late_blastoCyst_2_Cell_1	Late_blastoCyst_2_Cell_2	Late_blastoCyst_2_Cell_3	Late_blastoCyst_2_Cell_4	Late_blastoCyst_2_Cell_5	Late_blastoCyst_2_Cell_6	Late_blastoCyst_2_Cell_7	Late_blastoCyst_2_Cell_8	Late_blastoCyst_2_Cell_9	Late_blastoCyst_2_Cell_10	Late_blastoCyst_3_Cell_1	Late_blastoCyst_3_Cell_2	Late_blastoCyst_3_Cell_3	Late_blastoCyst_3_Cell_4	Late_blastoCyst_3_Cell_5	Late_blastoCyst_3_Cell_6	Late_blastoCyst_3_Cell_7	Late_blastoCyst_3_Cell_8
C9orf152	0	0	0	0	0	0	0	0.214	0	0	0	0	0	0	0	0	0	0	0	0	0	0	0	0	0	0	1.892	0	0	0	0	0	0	0	0	0	0	0	0	0	0	0	0	0	0	0.185	0	0	0	0	0	0	0	0	0	0	0	0	0	0	0	0	0	0	2.571	0	0	0	0	0	0	0	0	0	0	0	0	0	0	0	0	0	0	0	0	0	0	0	0	0
RPS11	1219.861	1021.069	931.62	875.431	892.406	782.993	1406.73	1382.027	1178.472	1528.765	1719.19	1830.305	3131.987	3239.758	2543.349	3039.817	5598.244	4409.591	5142.446	4382.877	4255.503	3428.272	3903.747	4576.967	4503.266	4537.128	5530.148	5305.792	1642.055	3130.751	3287.701	2311.277	2296.468	2285.538	2490.002	2218.046	7512.853	7321.061	5750.858	5286.509	4792.709	6127.519	4835.123	4895.559	2949.686	1897.06	9225	4043.688	2529.049	2036.63	1205.503	1787.684	2419.837	3152.502	2593.503	2048.318	1720.888	2853.946	3361.308	2499.792	983.087	1372.568	3001.455	1659.324	1448.772	1161.307	942.015	1719.666	608.276	1191.841	1563.144	1294.219	1096.883	1328.081	1777.654	1305.229	1311.725	1625.161	1694.293	1743.369	1085.601	1238.21	3897.169	2816.477	1995.57	3772.74	2297.895	2890.109	2385.076	2532.889
ELMO2	6.964	12.195	9.299	52.147	70.725	58.647	48.579	47.656	64.419	56.065	57.611	59.967	60.723	53.924	66.773	75.169	45.842	73.215	56.44	59.099	65.07	78.712	89.62	79.235	26.69	56.498	25.608	24.492	7.994	23.083	17.921	6.075	1.985	3.936	8.624	5.698	10.433	4.148	3.675	10.371	8.886	2.488	4.854	2.733	5.909	3.49	0.286	2.895	0.988	6.797	9.879	0	7.374	0.541	3.45	15.415	11.6	4.27	4.745	3.546	0.108	0.567	0.904	0.486	0	0	8.844	0	0.109	12.817	1.784	1.589	4.571	0	0.109	0	0	10.801	0	0	0	2.639	10.554	0	0	0	0.106	0	0	1.467
CREB3L1	1	1.424	1.946	1.805	1.435	0.731	1.591	1.264	1.885	1.449	0.703	0.494	0	4.724	0	0	0.257	0.745	1.567	2.778	3.058	2.522	4.284	5.014	0.466	2.809	1.927	2.526	0	0	0	0	0	0	0	0	0	0	0	0	0	0	0	5.764	0	0	0	0.746	0	0	0	0	0	0	0	0	0	0.379	0.383	0	0	0	0	0	0	0	0	0	0	0	0	0	0.705	5.464	1.957	0	0	0	0	0	0	0	0	0	0	0	15.006	0	0	14.989
PNMA1	0.679	1.343	2.125	5.724	4.89	5.648	4.311	4.06	4.363	4.7	2.858	2.397	4.08	0.16	1.204	0	3.131	0	10.804	0.395	4.67	5.768	4.523	5.634	33.236	36.771	17.328	43.886	16.155	5.953	7.807	36.811	17.895	9.479	9.736	19.618	25.838	32.918	56.947	45.135	36.909	10.892	19.138	58.652	52.454	30.284	0.897	24.632	20.16	61.035	44.67	0.443	20.21	61.588	51.561	31.352	21.991	22.418	45.984	62.886	1.368	10.472	31.565	13.287	73.577	26.946	9.663	4.093	0	21.603	6.605	10.248	9.103	19.435	24.553	0.686	0.798	16.67	0.429	14.525	4.379	8.858	7.945	3.971	10.026	11.264	31.11	0.14	0.394	6.839
MMP2	0	0	0	0	0	0	0	0	0	0	0	0	0	0	0	0	0	0	0	0	0	0	0	0	0	0	0	0	0.127	0	0	0	0	0	0	0.378	0	0.877	4.337	0	0	0	0	0	0	0	0	0	0	0	0	0	0	0.212	0	0	0	0.811	0	0	0	0	0	0	0	0	0	0.238	0	0	0	0	0	0	0.741	0	0	0	0	0	0	0	103.891	2.681	0.103	0	0	0.15	0	0
TMEM216	8.869	12.539	13.851	3.372	1.403	2.003	4.604	4.35	1.996	1.774	3.539	3.135	0.576	0	0.803	0.721	10.492	0.971	6.248	9.823	15.584	19.701	12.914	2.003	1.795	8.057	3.183	0.161	0.114	0.124	0	0	0	3.377	0.209	0.339	4.15	1.181	5.88	0	1.962	0.108	0	0	6.602	0	0	0	0.242	0	0	0	0	0.152	0	0	0	1.002	0	0	0	0	0	0	6.55	0	0	0	0.948	0	19.23	0.828	0	0	0	0	0	4.409	0.596	0	0	3.189	0	4.96	28.536	0.113	0	0	0	0
LOC653712	0.125	0.498	0.383	0.553	0.506	0	0.824	0.884	0.774	0.623	0	0.398	2.998	0	0	3.179	0.402	0.153	0	0.196	0.328	0.438	0.235	0.39	0	0.192	1.775	0.191	0.27	1.322	0.584	0	0.145	0.188	0.909	0	0.826	0	0.97	0	0.436	0	0	0	1.663	0	0.716	1.396	0.143	0	0.347	0.212	0	0	0	0	1.197	0.162	0.386	0	0	0.158	0.364	0	0	0	0	0	0	2.435	0	0	0.897	3.254	1.365	0	0	0	0	0	0	0	3.705	1.167	0.492	0	1.012	0	0	5.074
C10orf90	1.451	1.511	2.904	1.234	0.674	0.792	0.887	1.822	1.434	1.159	1.021	1.154	0	0	0	4.339	0	0	1.501	0	1.228	5.255	1.486	3.45	0	0	0.716	0	0	0	0	0	0	0	0	0	0	0	0	2.5	0	0	0	0	0	0	0	0	0	0	0	0	0	0	0	1.021	0	0	0	0	0	0	0	0	0	0	0	0	0	0	0	0	0	0	1.371	0	0	0	0	0	0	0	0	0	0	2.894	0	0	0	0
ZHX3	15.937	20.835	23.162	30.117	33.387	37.073	23.999	25.435	34.204	36.256	28.403	29.584	59.009	50.131	51.341	55.017	36.718	38.452	32.856	31.992	44.25	47.796	49.409	42.837	10.458	16.198	8.371	20.604	0.41	2.248	0.183	0.783	0.153	1.865	1.388	0.692	2.082	1.237	1.437	3.843	2.95	4.715	1.41	7.825	0.735	1.345	34.529	1.073	0.111	0	0.447	12.102	0.634	0.493	0.426	0.179	0	0.215	1.16	1.329	0.101	1.507	2.504	2.441	0.18	1.864	0	0	0.146	0	0.535	0	0.922	0.36	3.811	0.448	0	0	0	0.166	0	0	0.409	0.167	0	0	0	0.597	0	0
ERCC5	16.996	21.28	26.289	17.649	16.062	19.834	11.67	10.444	10.272	10.582	10.122	9.597	25.64	29.679	24.11	10.813	7.978	25.918	16.215	16.792	14.942	15.045	15.587	22.02	14.476	13.86	7.739	4.576	8.328	14.545	26.854	18.567	21.221	9.6	9.553	13.256	10.152	6.56	12.639	6.321	5.058	7.842	9.439	6.733	24.954	0.622	5.145	10.748	5.787	0.66	0.592	34.595	6.383	3.536	1.982	3.092	0	0	2.953	5.047	1.441	6.011	0.7	2.491	3.743	0.409	0.546	0.204	5.066	0.104	7.787	1.11	0.242	0.771	8.457	7.339	0.197	13.813	0	0	3.308	0.307	0	0	17.023	0	6.079	0	0	3.17
GPR98	0.295	0.546	0.603	0.372	0.582	0.709	0.208	0.273	0.486	0.387	0.497	0.339	2.79	0.814	0.143	0.667	0.821	0.78	0.234	0.888	0.358	0.796	0.473	0.46	0.518	0.19	0.716	0.719	0.867	0.671	1.434	0	0	0.104	0	0.371	1.835	0.269	0.274	1.678	0.257	0.935	0.587	0.762	0.411	0.492	0.654	0	0	0	0.561	0	0	0.24	0	0.415	0	0.376	0	0	0	0	0	0	0	0	0	0	0	0	0	0	0	0	0	0	0	0	0	0	0	0	0	0	0	0	0	0	0	0
RXFP3	0	0	0	0	0	0	0	0	0	0	0	0	0	0	0	0	0	0	0	0	0	0	0	0	0	0	0	0	0	0	0	0	0	0	0	0	0	0	0	0	0	0	0	0	0	0	0	0.253	0	0	0	0	0	0	0	0	0	0	0	0	0	0	0	0	0	0	0	0	0	0	0	0	0	0	0	0	0	0	0	0	0	0	0	0	0	0	0	0	0	0
APBB2	6.043	6.564	7.712	7.432	7.699	9.132	5.508	4.688	4.802	4.521	5.805	5.415	12.351	12.528	15.752	8.183	4.848	6.76	7.155	8.39	11.393	10.318	9.446	10.052	0.285	10.247	4.462	6.515	1.196	11.034	8.191	4.467	3.597	7.614	1.596	7.84	7.979	6.345	9.932	8.928	1.26	3.538	6.896	10.26	18.858	3.99	15.33	14.853	7.981	8.234	8.42	0.131	8.803	11.286	12.077	6.91	19.325	6.191	12.783	8.798	0	1.135	0.16	3.412	3.642	0.923	0	3.464	0.634	1.79	0	6.942	1.291	3.154	8.261	0.133	0	2.36	0	7.804	2.086	0.158	0.175	9.479	3.165	0	9.032	0	0.598	0.195
KLHL13	0	0	0	0	0	0	0	0	0	0	0	0	0	0	0	0	1.199	0	0	0	0	0	0	0	0	0	0	0	0	0	0	0	0	0	0	0	0	0	0	0	0	0	0	0	0	0	0	0	0	0	0	0	0	0	0	0	0	0	0	0	0	0	0	0	0	0	0	0	0	0	0	0	0	0	0	0	0	0	0	0	0	0	0	0	0	0	0	0	0	0
PRSSL1	0	0	0	0	0	0	0	0	0	0	0	0	0	0	0	0	0	0	0	0	0	0	0	0	0	0	0	0	0	0	0	0	0	0	0	0	0	0	0	0	0	0	0	0	0	0	0.25	0.183	0	0	0	0	0	0	6.795	0	0	0	0	0	0	0	0	0	0	0	0	0	0	0	0	0	0	0	0	0	0	0	0	0	0	0	0	0	0	0	0	0	0	0
PDCL3	1072.098	670.173	652.315	693.864	607.531	414.215	887.357	759	495.538	552.094	764.473	874.787	664.706	596.748	598.767	625.582	326.158	343.626	353.415	367.812	516.021	456.319	454.613	558.767	336.432	484.932	389.462	227.461	1444.233	1843.54	1392.267	1623.517	1708.367	1828.761	1670.192	1164.917	1225.781	1627.681	1660.163	1460.746	1875.479	1739.425	1495.01	2416.212	650.703	1554.848	312.824	498.342	1884.772	2043.133	2156.601	25.068	2106.595	1290.208	2385.502	2843.583	2048.168	2293.823	2209.301	1873.372	2616.601	2416.282	1667.267	1503.323	1469.599	2352.466	2659.814	1919.933	2262.151	2038.409	1863.709	783.379	2118.018	233.705	211.374	1510.097	1329.853	577.689	401.432	70.263	1312.749	1798.396	308.667	121.2	95.273	191.803	82.982	366.977	205.477	641.381
AEN	3.546	5.633	6.609	14.784	12.572	11.126	8.022	9.014	10.691	11.352	11.953	9.742	10.938	14.435	13.433	18.306	12.448	14.686	14.784	15.87	12.026	12.996	22.367	14.889	13.187	2.974	11.632	7.675	36.876	47.108	40.559	46.384	110.242	85.719	80.006	59.075	79.963	77.445	57.457	35.565	26.391	60.825	33.312	61.637	32.207	36.642	0.423	42.94	40.186	100.095	39.814	0.301	77.013	72.758	100.964	84.001	108.909	65.741	79.376	57.239	31.323	40.11	26.903	17.84	19.654	23.363	51.472	26.013	31.498	103.242	46.746	10.535	35.809	39.841	67.216	12.378	42.721	57.046	51.403	18.18	72.732	15.658	33.279	31.249	29.423	21.999	118.26	41.405	17.146	100.838
FRG2	0	0.264	0	0.293	0.268	0.439	0	0	0.137	0	0.608	0.141	40.097	61.372	85.396	62.8	68.291	15.481	93.013	13.801	34.526	26.053	61.564	50.467	64.779	117.843	74.143	254.797	11.244	1.169	5.784	25.608	0.81	1.725	6.577	16.448	8.503	0.361	15.064	41.365	17.803	13.41	12.966	8.955	1.013	0.141	845.35	0.432	0	15.195	2.331	2575.609	0	1.268	0	0	0	0.258	3.44	0.109	2.224	0	0	0	0	0	0	0	0	0	10.193	0	0	0	0	0	0	0	0	0	0	0	0	0	0	0	0	0	0	0
DECR1	0.773	1.279	1.11	3.254	2.997	2.143	1.143	1.397	0.569	1.443	0.698	1.932	5.58	0	0	4.103	4.194	0	3.305	6.847	1.318	3.805	0	0.258	4.416	8.198	8.027	0	0	0.13	0	0	0	0	0	0.101	0	0	0	0	0	0	0	0	0	0	0	0	0	0	0	0	0	0	0	0	0	0	0	0	0	1.461	0	0	0	11.386	0	4.75	0	9.897	14.554	17.147	0	0.23	1.285	0	0	0	0	0	0	36.987	0	0	0	0	12.502	0	0	40.395
SALL1	0	0	0	0	0	0	0	0	0	0	0	0	0	0	0	0	0	0	0	0	0	0	0	0	1.183	4.969	9.767	0	0	11.069	0.511	7.806	1.162	0	0	0	0	0	0	0	0	0	0	0	0.854	3.865	0	8.788	2.603	2.044	6.56	0	0	0.986	1.377	0	0	0.193	1.736	0	0	0	0	0	0	0	0	0	0	0	0	0.907	0	0.356	0	0	0	0	0	10.172	0.119	0	4.932	1.344	0	0	5.296	0	0	0
GGT3P	0	0	0	0	0.118	0	0.106	0	0.14	0.106	0	0.126	1.819	1.401	0	0.36	2.121	0.374	0.86	0.636	0.375	0	0	0.194	0	3.196	0	0	0	0	0	0	0	0	0	0	0.142	0.629	0.143	0	0	0.588	0.171	0	0	0	0	0	0	0	0	0	0	0.122	0	0	0	0.234	0	0	0	0	0	0	0	0	0	0	0	0	0	0	0	0	0	0	0	0	0	0	0	0	0	0	0	0	0.384	0	0	0
CADM4	0	0	0	0	0	0	0	0	0	0	0	0	0	0	0	0	0	0	0	0	0	0	0	0	0	0	0	0	0	0.149	0	0.112	0	0	0.21	0.117	0	0	0	0	0	0	0	0	0	0	0	0.944	0.145	0	0.117	0	0.12	0.435	0.591	0.199	0.636	0.219	0	0.935	0	0	0	0	0	0	0	0	0	0	0	0	0	0	0	0	0	0	0	0	0	0	4.292	0	0	0	0	0	0	0
RPS18	1116.96	801.516	790.296	955.734	632.221	643.369	1220.316	1034.745	917.353	1075.989	1166.131	1242.273	1792.682	2009.426	1360.309	1884.116	3100.011	2689.322	3337.423	2915.412	2976.582	2236.374	2562.918	2796.292	3154.31	3041.907	3310.106	3418.473	1394.778	1291.742	1739.888	2111.237	1329.953	1209.986	1444.024	1669.363	6479.855	5897.248	6873.273	5214.152	4432.279	4847.362	5058.155	4771.333	1818.357	2242.326	6698.073	2578.7	4136.284	2475.424	1331.916	1567.68	2916.551	4488.665	3587.261	2889.77	2482.332	3692.251	5434.546	4159.095	2793.862	3121.575	4897.972	2765.385	2910.795	1510.46	2165.883	3156.501	1016.35	2291.564	3104.78	2514.426	2584.783	2927.907	3450.274	2324.161	2120.44	2838.632	2158.848	3099.212	4059.839	2460.154	9749.304	6271.008	3565.009	7365.105	5655.498	6547.828	4602.815	5674.399
SLC10A7	0.803	0.74	0.623	1.255	1.118	1.305	1.443	0.623	1.041	1.261	0.681	0.765	0	0.307	0	0	1.259	0	1.067	1.199	1.105	0.885	1.154	0.892	0.402	0.28	0.647	0	0.335	0.557	1.733	0	0.149	0	0.338	0.67	0.57	0	0.232	0	1.208	4.229	0	0	0	0.622	0	5.244	1.818	2.101	0	0	0	0	0.149	0	0	0	1.149	0	0	0.299	2.594	0.655	0	6.964	0	2.054	1.9	0.168	9.254	4.639	1.911	0	0	0	2.491	2.305	0.637	0.823	0.179	1.383	0	8.096	0	0	0	0	2.182	0
OR2K2	0	0	0	0	0	0	0	0	0	0	0	0	0	0	0	0	0	0	0	0	0	0	0	0	0	0	0	0	0.392	0	0	0	6.593	0	0	0	0	4.182	0	0	0	0	0	0	0	0	0	0	0	0	0	0	0	0	0	0	0	0	0	0	0	0	0	0	0	0	0	0	0	0	0	0	0	0	0	0	0	0	0	0	0	0	0	0	0	0	0	0	0	0
BRIX1	157.08	77.659	79.109	134.732	179.965	83.51	165.987	167.796	114.105	116.528	95.402	106.077	220.93	141.416	203.554	174.777	127.467	124.435	148.156	128.05	169.428	168.341	142.427	180.277	31.297	18.866	46.246	42.605	399.2	165.26	444.156	429.814	532.898	539.386	582.542	659.959	216.708	333.785	256.181	355.654	301.297	411.267	308.498	497.768	249.341	285.087	89.577	228.477	217.256	203.219	260.088	122.235	124.018	310.206	226.459	338.883	423.541	385.92	236.174	392.53	23.204	100.184	83.561	216.325	24.966	212.996	62.581	86.731	116.634	35.57	186.599	61.458	69.484	132.154	35.487	262.86	110.785	207.043	64.348	119.427	4.02	221.589	17.594	36.447	94.089	85.643	89.962	44.566	162.287	172.072
LMAN1	33.592	31.096	27.733	26.566	20.061	30.579	20.217	23.275	23.503	25.101	30.2	32.313	19.303	17.385	16.251	27.892	48.514	67.924	41.206	40.684	40.073	40.963	36.7	27.66	31.085	29.028	37.988	27.581	23.626	17.707	17.904	23.044	16.535	11.513	16.977	11.046	10.831	18.234	7.485	13.6	24.155	15.846	12.271	9.472	16.182	36.114	20.671	43.263	26.144	55.257	32.992	47.477	19.586	26.598	16.373	15.4	27.299	12.028	20.284	14.292	48.6	33.575	18.311	33.523	31.336	18.515	40.086	20.291	14.581	25.023	31.388	15.09	23.707	24.205	50.705	34.729	28.114	47.414	84.263	58.211	49.578	59.801	13.418	3.969	34.93	13.28	10.057	8.74	13.181	8.033
CHD8	21.297	23.99	25.061	16.687	18.12	22.768	16.688	17.446	19.937	21.398	14.693	16.509	16.094	25.951	19.894	29.325	11.718	15.737	10.741	10.584	15.791	22.865	16.876	12.043	13.948	12.644	10.714	14.134	25.672	21.987	12.55	15.655	14.247	9.142	12.275	16.392	13.455	11.013	7.637	11.37	9.935	7.857	6.104	3.004	5.528	11.86	11.626	9.862	5.668	18.237	9.492	34.058	5.633	5.621	9.653	6.706	12.2	9.422	4.878	3.276	4.902	6.219	0.3	1.871	10.887	1.652	2.288	4.314	0.333	14.797	2.737	4.463	3.032	7.246	0.684	9.167	4.747	0.202	4.039	1.236	2.37	1.43	2.113	0	2.67	5.221	1.466	0	3.249	2.177
SUMO1	120.074	178.955	160.207	96.86	105.906	97.76	101.619	92.445	76.733	64.145	113.522	93.449	117.722	128.802	58.408	121.842	117.569	95.312	93.309	66.113	90.865	76.561	110.823	103.435	37.356	49.981	62.711	50.502	93.939	74.407	102.329	41.103	56.266	122.669	69.738	109.05	59.673	51.397	45.936	63.861	72.26	20.744	51.577	50.596	160.875	154.491	33.828	71.94	118.761	149.882	99.884	119.544	93.805	103.828	26.536	38.624	163.868	61.109	60.447	97.299	213.057	94.332	162.026	27.605	53.891	37.372	152.158	103.123	169.239	67.044	123.724	70.453	66.07	31.569	120.387	28.04	39.914	93.719	39.683	80.244	80.235	32.338	53.845	199.985	183.061	54.301	180.341	35.781	90.491	130.242
GP1BA	0.368	1.16	0.58	0.543	0.766	0.414	0.97	0.39	0.304	0.946	0.594	0.82	0	2.592	0	5.741	1.388	0.677	1.109	2.332	0.788	1.398	0.79	1.091	2.68	0	1.469	0	0	0	0	0.196	0	0	0	0	0	0	0	0	0	2.128	0	0	0	0	0	0	0	0	0	0	0	0	0	0	0	0	0	0	0	0	0	0	0	0	0	0	0	0	0	0	0	0	0	0	0	0	0	0	0	0	0	0	0	0	0	0	0	0
UQCR11	12.793	6.068	5.293	2.744	1.375	4.427	3.083	3.562	1.849	2.093	2.617	1.426	0	0.106	0.429	7.612	0.877	0.761	4.992	3.208	1.084	1.198	7.514	2.715	1.655	0	0	8.602	4.019	4.009	5.152	0	10.285	0.775	2.802	3.656	6.456	6.348	0	1.93	0	15.704	5.967	6.449	33.207	16.973	1.382	15.871	14.449	7.853	14.054	0.878	32.643	17.941	23.247	21.136	40.145	9.501	3.831	16.552	46.065	58.806	131.26	73.518	166.542	44.35	32.071	61.003	14.758	89.618	75.012	33.03	44.275	99.449	52.898	68.769	6.92	16.691	6.264	21.606	41.669	104.835	188.138	142.301	226.287	104.981	140.504	230.537	66.923	102.044
DDB1	22.035	34.888	34.421	29.864	27.097	28.927	20.287	21.405	24.948	23.496	17.266	17.789	43.375	52.399	20.829	40.049	40.296	50.444	39.213	37.858	33.531	26.382	48.438	38.66	26.035	16.847	26.908	35.392	33.779	16.044	26.96	27.027	13.96	19.86	17.148	30.108	18.564	15.104	14.928	19.587	19.997	17.671	23.716	8.426	9.281	25.128	1.641	9.267	19.485	10.001	27.605	5.295	18.625	22.526	23.006	17.695	34.606	17.575	23.327	30.818	38.422	40.879	35.469	57.984	37.326	38.787	55.951	52.75	84.144	43.23	32.504	57.38	33.672	38.845	79.469	19.353	53.839	74.473	35.657	84.807	9.232	15.332	32.053	56.002	34.718	23.408	51.608	78.157	46.466	124.04
MYO9B	0.284	0.335	0.499	1.237	1.214	1.551	1.029	1.131	1.388	1.105	0.676	1.038	2.468	5.582	0.956	1.093	1.096	1.216	2.751	2.361	2.305	1.722	2.312	1.629	2.175	1.021	1.076	0.719	1.31	1.575	0	0.281	0	1.05	0	0.391	1.729	0.539	0.147	0.954	3.472	0.199	0.235	1.356	1.213	0.129	0	1.339	1.473	0	0	0	1.551	1.045	0.675	0.348	0	0.688	0.101	2.113	5.425	0	0.113	0.696	0	0.745	0	1.069	0	0.223	0.64	0.327	0.377	2.055	0.119	0	0.374	0.151	0.251	0.245	0	0.145	19.795	0	0	0	0	0	1.888	0
CRNKL1	8.778	7.378	7.883	24.181	17.84	21.855	21.517	22.441	21.224	17.602	16.653	17.348	23.265	28.69	20.009	28.265	12.333	10.081	11.927	13.187	19.396	17.423	22.382	17.488	4.735	28.068	7.506	19.827	31.228	18.705	15.565	12.556	7.51	23.612	14.459	29.053	16.801	18.909	14.532	12.595	12.37	13.254	22.581	17.895	16.716	19.863	1.496	15.96	7.358	7.255	25.15	0.745	5.986	12.638	25.443	11.643	17.607	9.395	6.366	15.306	2.572	8.496	5.627	3.587	2.845	1.479	3.865	6.382	22.314	0.289	6.307	9.125	15.846	0.62	0.296	8.306	2.674	2.472	13.788	25.414	0.521	3.001	0	2.762	15.086	20.064	3.639	2.421	4.098	4.825
C9orf45	0	0	0	0	0	0	0	0	0	0	0	0.11	0	0	0	0	0	0.106	0	0	0	0	0	0	0	0	0	0	0	0	0	0	0	0	0	0.212	0	0	0	0	0	0	0	0	0	0.164	0	0	0.542	0	0	0	0.472	0	0	0	0	0	0	0	0	0.815	0	0	0	0	0.706	0	7.531	0	2.008	0	0	0	0.201	0.492	0.104	0	0	0.173	0	0	0	0	5.444	0	0	2.629	0	0
XAB2	0	0	0.182	1.892	2.104	2.319	0.277	0.291	0.34	0.567	0.165	0.373	5.236	3.875	5.853	5.171	0.958	0.59	6.635	7.011	3.06	1.303	3.368	2.596	0.598	1.439	0.461	3.93	0.253	0.733	0.243	0.115	0	0	1.1	1.552	8.54	3.842	3.577	3.644	6.043	3.492	4.877	3.922	0	0	0	1.79	0	0	0	0	0	0.169	2.969	0.51	0	1.705	0	0.17	0	5.345	3.113	0	0	0	0	1.837	0	0	0	0	0	0	0	0	0	0	1.015	0	0	0	1.002	0	1.195	0	0	0	0	0
RTN1	1.572	2.267	2.245	0.923	0.796	0.331	1.702	1.683	0.918	0.74	0.356	0.432	3.724	0	0	0	0.293	0	1.029	2.621	1.895	0.798	0.691	1.648	0	0	0	0	0	0	4.872	0	0	0.146	0.717	0	0	0	0	0	0	0	0	0.74	0	0	0	0	0	0	0	0	0	0	0	0	0	0	0	0	0	0	0	0	0	0	0	0	0	0	0	0	0	0	0	0	0	0	0	0	0	0	0	0	0	0	0	0	0	0
KLHL14	0.302	0	0	0	0	0.114	0.122	0.105	0.256	0.151	0.174	0	0	0	0	0	0	0	1.096	0.211	0.236	2.138	0	0	0	0	0	0.223	0	0	0	0	0	0	0	0	0	0	0	0	0	0	0	0	0	0	0	0	0	0	0	0	0	0	0	0	0	0	0	0	0	0	0	0	0	0	0	0	0	0	0.661	0	0	0	0	0	0	0	0	0	0	0	0	0	0	0	0	0	0	0
ADAM21P1	0	0	0	0	0.156	0.149	0	0	0	0.105	0	0.107	0	0	0.218	0	1.182	0	0.618	0	0.157	0	0.888	0.28	0	0	0	0	0	0	0	0	0	0	0	0	0	0	0	0	0	0	0	0	0.896	0	0	0	0.926	0	0	0	0	0	0	0	0	0	0	0	0	0	0	0	0	0	0	0	0	0	0	0	0	0	0	0	0	0	0	0	0	0	0	0	0	0	0	0	0	0
ZBTB12	0	0	0.194	0	0.214	0.131	0	0.196	0	0	0	0	0	0	0	0	0	0	0	0	0	0	0	0	0	0	0	0	0	0	0	0	0	0	0	0	0.444	0	0	0	0	0	0	0	0	0	0	0	0	0	0	0	0	0	0	0	0	0	0	0	0	0	0	0	0	0	0	0	0	0	0	0	0	0	0	0	0	0	0	0	0	0	0	0	0	0	0	0	0	0
UTY	0	0	0	0	0	0	0	0	0	0	0	0	0	0	0	0	0	0	0	0	0	0	0	0	0	0	0	0	0	0	0	0	0	0	0	0	0	0.271	0	1.25	0	0	1.679	0	1.626	0.797	25.175	2.51	1.515	3.435	0.157	4.096	0	0.107	0	0	1.138	0.338	1.424	0	0.703	2.149	0	1.715	0	0.3	0	0	0	0	1.597	0.15	0	0.22	0	0.122	1.359	0	3.032	0	0	2.715	0	0	0	0	0	0	0	0
CENPQ	13.853	11.112	10.729	46.723	41.876	41.96	36.551	37.024	35.977	37.01	27.038	18.245	23.613	9.458	13.834	29.069	9.763	16.659	21.17	6.436	14.752	11.857	11.068	9.988	12.549	7.491	1.417	12.315	14.274	12.062	26.058	15.561	7.481	23.166	11.09	34.812	3.429	2.529	8.789	33.312	9.374	0.306	51.571	20.949	26.914	25.261	3.965	21.996	53.571	25.589	42.692	34.716	8.78	33.167	4.513	9.998	17.546	8.684	13.366	47.259	10.154	11.031	18.894	31.803	0.551	7.273	24.346	7.715	11.697	3.316	5.812	16.489	10.141	1.954	38.193	2.425	0.395	4.352	14.15	16.212	111.12	28.622	0.947	0	0.105	0	9.116	9.532	2.165	0.207
ZAR1L	1239.201	760.011	785.935	396.745	724.91	358.623	528.403	392.64	316.408	289.594	376.433	434.689	454.133	397.504	439.248	423.31	299.728	198.117	261.53	222.766	383.507	399.661	443.638	463.551	74.945	120.881	70.053	66.095	14.525	5.514	20.266	4.599	8.954	14.454	21.013	28.045	22.691	14.167	46.339	15.679	50.891	55.106	60.572	23.73	26.26	0	11.469	11.583	1.075	0	3.819	74.357	10.862	0.993	0.948	0	12.717	8.692	5.718	6.917	0.52	0	0	0	0	0	0	0	0	0	0	0	0	0	0	0	0	0.376	0	0	0	0	0.185	0	0.205	32.881	0	0	0	0
DTNBP1	30.367	35.945	45.285	29.762	29.361	27.542	18.631	17.384	15.132	19.674	12.839	11.588	49.872	64.056	62.385	67.306	17.878	9.618	27.423	43.241	43.929	34.079	37.734	48.486	13.383	13.843	5.144	17.751	6.367	4.607	5.54	14.673	12.572	6.622	4.573	6.717	4.233	11.062	21.725	1.095	4.689	0.168	0	0.712	8.341	22.802	11.699	5.332	12.15	12.026	4.874	0.336	17.88	5.443	1.65	0.155	1.021	1.279	4.353	8.308	0	0	4.546	0	13.909	38.615	0.771	0	7.854	0.304	3.718	3.62	0.992	3.052	48.045	2.947	0.148	11.231	1.624	4.358	0	0	14.482	18.878	8.13	25.556	13.385	0.101	5.487	5.48
KBTBD8	0.639	1.1	0.658	5.828	4.16	5.546	3.73	4.012	3.853	3.977	3.704	3.513	5.126	3.259	3.734	1.981	1.009	2.144	3.472	2.699	3.875	3.734	1.51	3.504	0.93	17.457	8.268	7.023	6.21	5.008	0.413	6.033	10.329	6.843	12.011	13.517	4.427	1.613	0.603	5.188	2.253	0.158	3.33	0	2.092	0	0	1.633	2.044	0	1.227	1.152	0.302	0.117	0	0.706	0	0.662	0.492	3.067	0	0	0.417	0.887	0	0.557	0	0.537	0	0.106	0	0.208	2.496	0.307	0.408	0	0	3.894	0.454	2.306	7.72	0.521	0	1.896	0.407	0	0.131	1.387	0	0
ZEB1	2.556	3.367	3.112	4.071	3.208	4.142	3.353	3.133	2.317	2.778	3.679	4.481	1.015	16.389	6.831	8.416	14.523	13.138	12.745	6.96	9.315	12.87	10.217	5.949	5.234	5.203	1.426	0.101	0.107	1.436	2.504	1.482	3.729	0.264	0.83	1.204	0	0.768	1.662	0	0	0	5.521	3.78	6.119	0	29.017	0	0.29	0	2.933	0.299	0.843	2.177	2.835	0	0.422	0	0	2.191	0	0	0	0	0	0	0	0	0	0	0	0	0	0	0	0	0	0	0	0	0	0	0	0	0	0	0	0	0	0
ZG16	0	0	0	0	0	0	0	0	0	0	0	0	0	0	0	0	0	0	0	0	0	0	0	0	0	0	0	0	0	0	0	0	0	0	0	0	0	0	0	0	0	0	0	0	0	0	0	0	0	0	0	0	0	1.326	0	0	0	0	0	0	0	10.3	0	0	0	0	0	0	0	0	0	0	0	0	0	0	0	0	0	0	0	0	0	0	0	0	0	0	0	0
FAT4	0	0	0	0	0	0	0	0	0	0	0	0	0	0	0	0	0	0	0	0	0	0	0	0	0	0	0	0	0	0	0	0	0	0	0	0	0	0	0	0	0	0	0	0	0	0	2.176	0	0	0	0	0	0	0	0	0	0	0	0	0	0	0	0	0	0	0	0	0	0	0	0	0	0	0	0	0	0	0	0	0	0	0	0	0	0	0	0	0	0	0
MIER1	5.75	7.134	5.633	10.958	7.371	13.024	6.119	6.088	8.221	7.996	8.433	5.732	11.944	15.364	30.626	17.246	5.379	4.716	4.097	2.98	6.465	9.924	6.76	6.439	1.055	19.845	14.578	10.82	12.684	9.078	11.629	11.945	7.319	14.299	11.414	6.487	11.228	8.659	7.473	5.487	6.875	5.04	1.389	9.24	14.389	18.823	2.248	16.542	10.97	14.947	19.277	0	3.244	9.547	13.614	5.524	0.212	10.74	6.012	4.74	16.136	11.784	12.071	1.598	10.628	13.365	15.922	0.893	4.888	1.873	2.768	4.254	4.486	2.362	0.946	5.464	15.214	10.435	3.047	32.925	0.639	13.255	0	1.288	4.306	0	0	0	0.624	0
CHD9	1.667	1.627	1.402	1.918	0.787	1.106	1.081	1.45	1.408	1.046	0.815	1.013	1.567	1.813	2.547	0	2.271	2.981	0.722	1.08	1.48	0.769	0.834	1.453	2.832	4.265	1.239	5.681	0	1.96	0.609	2.325	0.413	1.493	0	0.874	1.916	2.742	0	1.155	1.809	0.587	1.199	0.144	4.657	1.763	18.856	1.641	0.476	0	3.753	6.277	0.452	1.282	0.168	0.378	2.947	1.813	0.104	0.237	6.043	0.57	0	0	0	0.211	0	0	0	0	0.336	2.24	0	0	0	0	0	0	0	0	0	3.8	7.216	0.803	0	0.661	0.107	0	0	0
ADAM5P	0	0	0	0	0	0	0	0	0	0	0	0	0	0	0	0	0.284	0	0	0	0	0	0	0	0	0	0	0	0	0	0	0	0.565	0	0	0.26	1.677	0	0.514	2.36	2.14	0	0	0	1.715	0	0	0	0	0	0	0	0	0	0	0	0	0.105	0	0.265	0	0	0	0	0	0	0	0	0	0	0	0	0	0	0	0	0	0	0	0	0	0	0	0	0	0	0	0	0	0
STK16	0.532	0.257	0.329	2.198	2.073	1.935	1.639	2.294	1.826	2.743	2.353	2.454	1.43	0	6.074	0	2.783	0	3.23	3.047	1.638	2.171	5.434	1.761	15.526	3.244	2.749	2.264	0.358	0.676	2.585	2.626	0	1.859	0	0.203	0.346	0.849	0.265	0.351	1.787	0	3.193	1.681	1.09	0	6.931	1.359	0.101	3.606	2.17	0.376	7.483	1.405	2.682	0	0.444	0.134	0.41	1.613	0	11.333	0.423	1.701	2.409	0	0	6.133	1.439	1.929	9.933	0	0.699	4.424	0.129	2.107	0	13.346	3.387	29.815	0.736	0.215	0	12.96	4.547	0	42.171	1.422	0	4.205
ARID3C	0	0	0	0	0	0	0	0	0	0	0	0	0	0	0	0	0	0	0	0	0	0	0	0	0	0	0	0	0	1.441	0	0	0	0	0	0	0	0	0	0	0	0	0	2.071	0	0	0	0	0	0	0	0	0	0	0	0	0	0	0	0	0	0	0	0	0	0	0	0	0	0	0	0	0	0	0	0	0	0	0	0	0	0	0	0	0	0	0	0	0	0
KIAA1486	2.517	4.02	3.197	1.522	2.433	1.208	0.982	1.24	0.713	0.852	0.333	0.375	0.657	4.811	0.18	2.476	0.29	3.44	1.727	0.235	1.27	0.648	0.17	2.158	0.451	1.726	1.094	0.275	0.341	0.106	0.164	0.213	0.315	0.481	0.318	0.11	0.56	0.529	0.106	0.938	1.406	3.124	0.607	0.442	1.555	0.321	2.124	1.077	0.844	0	0	0.459	0.251	0.315	0.403	0.342	0	0.415	0.427	0.517	0	0	1.463	0.276	0.288	0	0	0	0	0	0.102	0	0	0.203	0.131	0	0	0	0	0	0	0.189	0.253	0	0	0	0	0	0	0
TOB2	7.987	8.073	7.435	5.752	3.775	5.045	3.54	4.096	4.002	3.305	3.989	3.722	1.551	7.708	0.809	2.318	1.715	2.569	5.541	1.853	4.589	3.478	3.017	4.103	13.313	9.948	11.105	8.447	4.065	5.241	8.71	6.466	2.551	1.678	1.779	5.915	4.974	3.587	3.391	14.79	11.383	3.003	4.973	12.356	13.062	13.988	15.299	12.953	7.897	12.279	14.539	14.168	10.612	11.257	7.01	22.636	2.425	7.305	14.936	15.227	0.473	7.893	9.465	4.75	1.228	5.241	0.939	1.936	6.61	7.672	6.147	14.572	4.685	21.655	6.602	5.843	0.109	15.018	11.24	1.159	4.26	13.661	27.166	15.133	10.806	2.188	3.304	6.962	9.253	1.01
BANK1	2.968	2.803	2.526	2.503	2.433	3.168	0.83	1.251	1.516	1.81	1.56	1.404	7.739	1.269	10.206	0	3.118	3.123	3.998	3.701	3.749	9.753	3.532	7.045	6.559	8.567	3.521	4.712	0	0	0	2.787	0	2.646	1.166	0.515	6.86	0	0	0	1.432	9.313	0	2.256	0	0	35.517	1.865	0	0	3.04	0.885	0	0	0	0	0	0	0	0	0	0	0	0	0	0	0	0	0	0	0	0	0	0	0	0	0	0	0	0	0	0	0	0	0	0	0	0	0	0
OR2V2	0.389	0	0.128	0	0.168	0.129	0	0	0	0	0	0.271	0	0	0	0	0	2.816	0.514	0	0.679	0.903	0.768	1.44	0	0	0	0	0	0	0	0	0	0	0	0	0	0	0	0	0	0	0	0	0	0	0	0	0	0	0	0	0	0	0	0	0	0	0	0	0	0	0	0	0	0	0	0	0	0	0	0	0	0	0	0	0	0	0	0	0	0	0	0	0	0	0	0	0	0
SFTA2	0	0	0	0	0	0	0	0.179	0	0	0	0	0	0	0	0	0	0	0	0	0	0	0	0	0	0	0	0	0	0.179	0.237	0	0	0	0	0.28	0	0	0	0	0	0	0	0	0	0	0	0	0	0	0	0	0	0	0	0	0	0	0	0	0	0	0	0	0	0	0	0	0	0	0	4.783	0	0	0	0	0	0	0	0	0	0	0	0	0	0	0	0	0	0
GRM2	0	0	0	0	0	0	0	0	0.113	0	0	0	0	0	0	0	0	0	0	0	0	0	0	0.46	0	3.882	0	0	0	0	0	0	0	0	0	0	0	0	0	0	0	0	0	0	0	0	0	0	0	0	0	0	0	0	0	0	0	0	0	0	0	0	0	0	0	0	0	0	0	0	0	0	1.211	6.042	0.21	0.878	0	0	0	0	0	0	0	0	0	0	0	0	0	0
PROSC	71.811	59.952	65.257	36.539	30.944	45.081	21.694	25.831	21.733	23.314	14.844	16.626	9.533	35.661	22.584	16.726	26.358	0.824	21.387	5.83	12.384	26.904	18.539	11.248	2.958	8.979	4.149	0	8.096	26.591	7.449	18.539	21.888	2.338	4.051	6.047	23.817	25.027	10.615	7.573	8.853	23.737	2.889	6.944	4.951	12.529	0.411	7.875	3.294	0.922	18.241	0	8.862	15.144	7.514	1.814	53.619	6.933	11.384	6.778	4.12	57.787	12.803	0.719	49.447	42.124	45.178	38.951	37.409	29.727	10.197	10.547	35.855	0.895	1.682	54.872	0.724	18.001	8.969	45.412	45.253	79.489	12.053	20.343	29.916	3.277	39.24	7.154	11.912	2.413
SPIN2B	0	0	0	0	0.127	0.145	0	0	0	0	0	0	0	0	0	0	0.385	0	0	0	0	0	0	0	0	0	0	0	7.286	0.129	18.794	5.684	0.128	40.544	3.409	7.609	0	0	0	7.491	0	0	0	0	4.594	0	0.209	1.99	0	21.372	0.304	0	0	0.158	0	0	0.2	0	0	0	0	0	0	0	0	0	0	0	0	0	0	0	0	0	0	0	0	0	0	0	0	0	4.01	0	0	0	0	0	0	0
PIR	0.843	0.191	0.138	0	0.913	0	0.529	0.465	0	0.623	0.233	0	0	0	0.121	0	3.202	0	0	0	0	2.553	1.427	0	0	0	0.28	1.929	0	0	0	0	0	0	0	0	0	0	0	0	0	0	0	0	0	0	0	0	0	0	0	0	0	0	0	0	0	0	0	0	57.635	11.153	14.53	33.209	0.323	2.343	36.45	22.489	0	26.336	31.356	16.859	9.213	3.124	0.153	9.159	57.179	124.468	69.737	5.144	1.034	0.48	134.014	20.742	8.465	53.489	1.917	106.667	46.256	94.033
IPO9	5.501	5.984	5.692	5.617	5.417	5.562	4.224	3.742	4.577	5.633	3.347	3.221	4.852	3.366	4.478	9.604	4.724	2.411	4.564	5.057	5.653	3.72	5.286	3.388	3.303	2.962	5.889	7.845	4.413	4.398	3.022	5.525	5.508	1.01	4.613	1.905	5.438	7.44	9.015	2.158	10.369	9.464	1.941	2.035	5.551	3.532	0.231	4.387	4.446	4.266	5.736	0.575	1.155	4.476	7.86	3.924	1.207	1.518	1.419	2.708	6.252	10.644	12.365	4.774	10.827	9.501	9.423	10.678	4.149	20.33	3.165	7.982	6.158	5.847	23.356	10.94	16.387	11.636	5.935	2.809	10.838	2.661	0.472	9.696	10.5	8.661	9.973	0	14.309	4.462
FLJ26850	0.739	1.082	1.096	0	0.223	0	0.151	0	0.132	0	0	0.332	0	0	0	0	0.197	0	0.102	0	0	0	0	0	1.157	0	0	1.47	0	0	0	0	0	0	0	0	0	0	0	0.763	0	0	0	0	0	0	0	0.762	0	0	0	0	0	0	0	0	0	0	0	0	0	0	0	0	0	0	0	0	0	0	0	0	0	0	0	0	0	0	0	0	0	0	0	0	0	0	0	0	0	0
EVC	0.115	0.334	0.329	0.475	0.471	0.739	0.209	0.24	0.266	0.281	0.217	0.416	1.198	0	0	0	0.395	0	0.144	0	0.794	0.127	0.574	1.903	0	0.22	0	0	0	0	0	0	0	0	0	0	0	0.343	0	0	0.318	0.926	0	0	0	0	0	0	0	0	0	0	0	0	0	0	0	0	0	0	0	0	0	0	0	0	0	0	0	0	0	0	0	0	0	0	0	0	0	0	0	0	0	0	0	0	0	0	0	0
CXCL13	0	0	0	0	0	0	0	0	0	0	0	0	0	0	0	0	0	0	0	0	0	0	0.173	0	0	0	0	0	0	5.064	0	0	0	0	0	0	0	0	0	0	0	0	0	0	0	0	0	0	0	0	0	0	0	0	0	0	0	0	0	0	0	0	0	0	0	0	0	0	0	0	0	0	0	0	0	0	0	0	0	0	0	0	0	0	0	0	0	0	0	0
KIAA1199	0	0.184	0	0.316	0.113	0.198	0.11	0	0.208	0.127	0.271	0.16	0	0	0	0.577	0	0.335	0.44	1.062	0.312	0.315	0	0	0	0.32	0	0	0	0	0	0	0.533	0	0	0	0	0	0	0.429	0	0	0.865	0	0	0	0	0	0	0	0	0	0	0	0	0	0	1.068	0	0	0	0	0	0	0	0	0	0	0	0	0	0	0	0	0	0	0	0	0	0	0	0	0	0	0	0	0	0	0	0
SORL1	1.492	1.451	0.901	0.832	0.665	0.619	0.313	0.461	0.391	0.287	0.296	0.292	1.707	0	0.848	1.103	0.473	1.794	0.895	0.109	0.67	0.871	0.471	0.279	1.454	0.35	0	1.813	0	0	0.63	0	0	0	0	0	0	0	0.878	0.291	0	0	0	0	2.029	0	0	0	0	0	0	1.073	0.192	0	0	0	0	0	0	0	0	0	0	0	0	0	0	0	0	0	1.005	1.537	0.363	2.164	0	0	4.609	0	0	5.49	0.105	0	0	0	0	0	0	0	0.844	2.553
NAT10	2.712	3.367	3.991	12.209	18.622	16.665	11.559	13.492	18.536	16.851	11.143	9.907	15.438	17.123	9.021	12.524	18.253	24.729	13.931	18.922	18.74	11.22	18.577	13.553	7.077	8.159	8.032	6.832	14.442	7.347	6.198	5.189	0.755	12.266	5.579	15.188	11.426	1.737	5	14.659	2.054	9.943	7.012	8.544	0.135	8.911	0	9.392	10.214	14.503	3.317	6.728	8.391	7.494	3.065	7.856	9.451	7.488	3.629	1.679	5.947	13.853	15.807	4.71	14.02	9.217	13.72	10.767	1.391	14.203	12.08	18.477	11.616	1.191	16.187	14.888	13.981	12.253	16.893	3.441	8.646	7.061	1.856	13.533	11.268	5.493	12.845	6.638	18.104	3.894
CHD1	15.915	24.165	20.317	26.041	15.25	26.265	11.34	11.559	11.056	13.141	7.25	7.288	6.772	6.143	16.418	8.178	1.7	2.006	5.41	2.403	2.746	2.016	3.132	4.563	18.377	24.794	25.094	6.723	50.463	58.751	27.932	55.992	25.92	24.257	36.099	53.373	15.314	21.571	30.68	33.943	29.506	18.9	19.926	32.772	33.743	16.09	43.68	33.753	14.596	27.344	21.945	68.274	15.866	18.835	24.695	33.941	24.602	9.049	9.928	29.097	15.398	19.683	16.442	18.659	6.529	9.099	12.08	14.16	35.118	19.2	6.513	7.921	11.594	37.869	2.91	14.791	10.305	14.249	21.33	12.503	4.514	19.155	1.426	7.042	16.334	2.066	2.873	0.384	4.774	13.292
SYN3	0.528	1.481	1.539	2.356	3.787	2.213	2.553	1.269	0.756	2.15	2.671	1.691	0.188	0	3.123	5.273	3.986	0	3.859	0.321	4.867	2.026	5.414	4.938	4.51	1.014	6.593	0	0	0	0.171	0.312	0	0	0.262	0	0	0	0.14	1.405	0	1.156	0	0.158	6.541	0	0	0.327	0.201	0	1.098	0	0.65	0.159	0.41	0.759	0.601	0.645	2.389	0	0	0	0.859	0	0	0	0	0	0.872	0	0	0	0	0	0	0	0	0	0	0	0	0	0	0	0	0	0	0	0	0
SLC22A2	4.123	4.24	3.318	2.188	2.446	2.959	7.346	7.443	4.496	7.118	0.191	0.189	10.111	3.309	0	0	1.848	2.326	2.847	1.734	1.457	1.702	0.497	3.328	4.756	2.309	3.607	0	1.394	1.162	0	0	1.119	0	0	0.353	0.115	0	0	1.026	1.022	0	0	0	1.218	0	0	0	0	0	0	0	0	0.119	0	0	0	0	1.323	0	0	0	0	0	0	0	0	0	0	0	0	0	0	0	0	0	0	0	0	0	0	0	0	0	0	0	0	0	0	0
SERPINF1	60.821	99.908	90.956	43.455	56.898	51.362	24.513	38.246	40.712	39.465	32.245	44.672	58.358	62.445	138.31	65.534	166.972	122.274	148.43	166.316	141.7	117.611	136.832	118.678	143.004	98.457	96.708	97.421	43.617	58.837	72.04	75.589	122.922	17.96	27.18	61.413	78.707	140.501	94.639	116.369	93.668	161.818	110.327	135.287	52.726	32.336	214.292	33.206	56.43	5.212	90.445	79.682	100.252	129.123	107.738	74.191	54.82	103.138	143.856	69.093	58.301	14.572	0	0	5.354	0.121	17.582	1.137	0.189	1.286	16.444	0	0	0	0	0	0	0	1.702	0	0	0	0	0	0	0	19.61	0	0	0
WDR34	11.724	10.562	12.457	7.949	11.629	10.39	10.222	10.039	10.676	12.53	6.773	7.714	10.888	25.593	7.529	11.669	16.873	20.654	22.958	9.978	16.454	13.377	29.046	21.71	0.608	18.948	11.787	41.549	4.714	16.193	0.118	0	3.224	2.506	2.359	0.209	16.456	1.845	21.019	8.542	6.462	9.342	8.188	0.8	2.917	10.251	61.755	15.221	13.654	22.137	10.32	0.129	27.597	18.981	5.661	7.447	1.868	8.484	6.095	4.01	48.739	13.932	12.088	79.71	22.225	21.2	14.219	18.438	55.07	40.006	20.34	42.49	10.021	17.783	0.663	5.95	88.229	68.72	40.933	25.796	1.377	34.953	8.7	33.196	32.018	16.972	33.921	18.7	32.401	148.315
OR7A17	0	0	0	0	0	0	0	0	0	0	0	0	0	0	0	0	0	0	0	0	0	0	0	0	0	0	0	0	0	0	0	0	0	0	0	0	0	0	0	0	0	0	0	0	0	0	0	0	0	0	0	0	0	0	0	0	0	0	0	0	0	0	0	0	0	0.1	0	0	0	0	0	0	0	0	0	0	0	0	0	0	0	0	0	0	0	0	0	0	0	0
POTED	0	0	0	0.111	0	0.267	0.142	0	0	0	0	0	0	0	0	0	0	0	0	0	0	0	0.256	0.688	0	0	0	0	0	0	0.942	0	0	0	0	0	0	0.338	1.146	0	0	0	0	0	0	0	0	0.422	0	0	0	0.257	0	0	0	0	0	0	0	0	0	0	0	0	0	0	0	0	0	0	0	0	0	0	0	0	0	0	0	0	0	0	0	0	0	0	0	0	0	0
C9orf11	0	0	0	0	0	0	0	0	0	0	0	0	0	0	0	0	0	0	0	0	0	0	0	0	0	0.41	1.065	0	0	0	0	0	0	0	0	0	0	0	0	0	0	0	0	0	0	0	0	0	0	0	0	0	0	0	0	0	0	0	0	0	0	0	0	0	0	0	0	2.723	0	0	0	0	0	0	0	0	0	0	0	0	0	0	0	0	0	0	0	0	0	0
EPT1	1.625	2.018	1.827	5.851	3.317	4.962	3.032	2.245	3.725	3.014	4.05	3.171	9.466	2.972	3.042	5.98	6.698	6.744	2.992	4.029	3.16	5.379	6.796	3.518	12.531	10.703	5.694	10.809	4.684	6.954	2.71	8.322	3.971	4.237	4.703	11.314	4.175	4.86	4.916	5.679	10.97	2.189	0.49	1.417	4.985	1.955	0	2.701	4.435	4.264	6.956	0	3.932	5.464	4.035	5.503	8.721	2.762	4.97	5.318	2.739	4.336	8.555	19.934	5.185	8.12	10.916	6.991	10.938	10.636	22.156	17.033	5.432	6.699	2.2	17.425	2.548	4.16	12.354	14.308	0.334	6.229	0.109	3.304	10.432	3.366	6.473	1.572	15.641	18.708
RNF216L	72.767	50.909	60.688	25.708	34.371	43.464	40.787	44.864	44.779	52.397	40.014	35.229	6.02	4.483	27.871	27.808	34.793	35.446	40.872	35.858	49.678	51.612	45.852	32.053	16.867	8.536	25.066	34.322	51.1	47.129	48.289	80.193	149.12	83.487	99.519	110.772	18.961	20.562	12.711	8.722	38.361	76.378	47.877	55.808	119.939	67.75	62.196	119.549	71.662	89.527	69.232	25.479	54.039	73.625	61.127	43.808	55.597	63.081	65.221	27.722	26.145	4.911	14.935	14.226	0	0.537	21.268	23.783	2.63	38.901	17.897	12.449	4.771	23.375	27.968	16.702	1.405	22.345	8.523	22.306	38.049	30.304	0.197	27.096	5.951	0.142	9.294	0.109	0.477	16.477
LHB	0	0	0.231	0	0.306	0	0.415	0.156	0.182	2.305	0.836	0	0	0	0	0	0	0	1.305	0	0	0	0	0	0	0	0	10.697	0	0	1.029	17.21	10.768	2.909	22.551	0.729	7.224	0	5.036	0	6.452	1.485	0.858	10.63	0.782	2.067	0	2.337	4.543	0	13.693	0	1.303	0	4.159	0	25.667	4.677	7.837	12.667	0	0	0	0	0	0	0	0	0	0	0	0	0	0	0	0	0	0	0	0	0	0	0	0	0	0	0	0	0	0
TAOK3	422.802	340.731	285.095	254.699	236.106	244.57	185.902	187.854	133.589	161.16	94.751	109.074	126.959	134.139	162.42	96.86	85.963	69.696	61.331	50.517	89.851	135.513	104.232	93.79	82.972	133.962	104.238	89.463	94.561	108.798	129.754	100.392	114.813	35.698	61.417	53.944	96.347	103.933	57.441	64.362	58.949	88.881	41.004	84.574	51.533	60.045	86.286	34.761	44.532	34.664	39.866	89.658	84.591	48.477	71.393	93.971	74.915	79.331	43.927	51.15	48.801	98.395	113.473	75.808	90.292	76.527	97.827	59.739	73.105	52.462	53.083	87.429	52.61	8.212	59.108	50.511	3.636	45.04	59.068	87.018	2.07	38.61	0.14	82.506	13.87	1.437	14.758	5.324	26.791	35.967
STK25	15.66	13.015	20.261	17.532	17.336	14.435	11.032	9.326	10.046	8.134	9.1	9.428	9.786	20.475	21.374	5.752	15.258	27.022	17.617	16.196	19.295	32.094	29.436	14.721	9.359	11.502	14.706	10.24	4.875	5.798	10.897	1.713	8.855	0	8.955	0.592	13.148	18.729	11.555	1.055	6.52	11.065	18.285	8.315	14.615	6.188	0	5.49	7.277	18.016	4.712	0.11	9.265	12.681	7.213	1.898	8.994	6.929	4.899	2.007	13.616	12.852	13.567	13.392	15.718	28.189	23.666	14.453	41.106	16.233	26.27	8.252	8.883	12.052	0.939	5.796	20.513	32.531	19.506	10.375	90.531	1.048	33.961	8.182	18.416	30.055	5.142	14.258	54.854	3.564
C3orf39	6.221	3.94	4.949	3.101	3.709	7.418	2.577	2.642	2.225	2.455	1.927	1.443	9.026	0	0	1.073	0.159	2.369	5.463	1.758	2.36	0	4.833	3.082	0.136	1.059	8.443	0.291	4.727	5.816	0.635	0	0.127	0.299	0.36	0	4.784	0	0	4.742	7.551	0.139	0	0	43.373	1.353	0.104	6.931	5.202	6.063	7.443	0	4.123	2.943	1.426	0	0	1.572	0	6.97	3.787	3.532	46.481	0.977	17.691	0.147	0	22.392	9.474	1.254	7.581	16.99	9.206	27.174	0.831	2.298	23.917	9.707	1.703	0.286	0	0	0	0	1.214	1.667	6.889	0	26.021	9.486
CDC25B	50.685	56.226	57.429	105.687	86.452	77.175	83.207	80.152	120.477	122.009	128.853	114.119	84.156	78.713	94.434	86.515	121.667	126.135	121.985	142.857	134.272	132.922	132.539	131.317	89.427	50.353	116.852	58.93	139.678	112.703	113.788	93.851	125.28	71.744	127.135	173.125	92.941	94.485	123.285	68.799	111.594	107.866	61.363	105.952	91.786	110.085	3.158	122.043	159.678	179.179	111.784	1.595	173.502	235.954	141.356	136.915	155.252	210.773	100.85	212.374	15.655	8.225	11.891	12.924	25.723	15.719	14.148	1.784	2.375	0.231	20.243	0.915	20.707	24.202	34.825	4.565	0.794	0.49	7.817	1.413	28.595	0.193	59.432	1.897	16.271	1.488	8.397	0.374	14.918	3.711
BMP3	0	0	0	0	0	0	0	0	0	0	0	0	0	0.535	0	0	0	0	0	0	0.252	0	0	0	0	0	0	0	0	0	0	0	0	0	0	0	0	0	0	0	0	0	0	0	0	0	0.276	0	0	0	0	0.409	0	0	0	0	0	0	0	0	0	0	0.18	0.121	0	0	0	0	0	0	0	0	0	0	0	0.109	0	0	0	0.127	0	0.103	0	0	0	0	0	0	0	0
TMEM180	0	0	0.107	0	0	0	0	0.115	0	0.243	0	0	0	0	0	0	0	0	0	0	0	0	0	0	0	0	0	0	7.42	11.97	2.201	2.223	4.281	1.657	0.967	4.723	0.761	0.733	0.206	0.81	1.77	0	0	12.431	0	3.187	0	3.582	16.888	2.478	2.434	0.165	14.871	5.257	20.923	14.419	16.37	1.998	4.665	7.803	0	0.215	2.735	10.772	6.051	0	14.021	2.771	0	10.043	8.882	0.918	0	0.203	0.851	0	0	0	2.678	0	0	0	0	0	2.751	0	2.564	0	4.727	1.206
MAP1LC3C	6.913	7.844	9.322	8.253	7.496	8.588	8.395	7.604	7.843	8.185	6.337	6.144	3.547	5.969	2.617	2.812	5.79	3.054	18.446	5.042	5.262	5.241	9.985	3.913	13.499	11.868	23.114	15.378	7.627	7.552	8.745	4.153	4.918	6.195	6.813	4.467	11.541	9.443	9.76	6.247	8.611	12.474	5.388	7.737	7.643	2.798	16.361	4.632	3.515	3.192	2.57	25.36	12.333	13.451	14.502	12.676	8.021	16.586	19.52	10.383	5.436	3.724	42.167	4.354	5.147	3.046	1.929	2.876	2.51	3.324	3.858	2.545	2.99	5.786	1.938	7.27	1.092	3.251	4.281	2.437	2.974	8.318	16.873	2.762	4.522	1.816	36.317	8.813	2.686	3.2
MIR564	0	0	0	0	0	0	0	0	0	0	0	0	0	0	0	0	0	0.45	0	0	0	0	0	0	0	0	0	0	0	0	0	0	0	0	0	0	0	0	0	0	0	0	0	0	0	0	0	0	0	0	0	0	0	0	0	0	0	0	0	0	0	0	0	0	0	0	0	0	0	0	0	0	0	1.529	0	0	0	0	0	0	0	0	0	0	0	0	0	0	0	0
CRYGC	0	0	0	0	0	0	0	0	0	0	0	0	0	0	0	0	0	0	2.405	0	0	0	0	0	18.724	6.882	20.702	8.065	6.537	16.039	18.854	6.141	0	6.605	3.638	2.932	13.086	0.141	0	0	0.128	0	0	0	0	0	0	2.048	5.422	2.697	2.036	0	0	0.238	0	9.156	0	5.129	0.816	0.18	0	0	0	0	0	0	0	0	0	0	27.692	0	0	0	0	0	0	0	0	0	0	0	0	0	0	0	0	0	11.136	0
POU3F1	0.11	0.12	0	0	0	0.166	0	0	0	0	0	0.163	0	0.12	0	0	2.412	0	0.15	0	0	0	0	0	2.925	2.512	2.007	1.727	0	0	0.367	0	0	0	0.218	0	0	1.342	0	0.759	0	0	0	0	0	0	0	0.57	0	0	0	0	0	0	0	0	0	0.122	2.678	0	0	0	0	0	0	0	0	0	0	0	0	0	0	0	0	0	0	0	0	0	0	0	0	0	0	0	0	0	0	0
C4orf11	0	0	0	0	0	0	0	0	0	0	0	0	0	0	0	0	0	0	1.659	0	0.177	0	0	0	0	0	0	0	0	0	0	0	0	0	0	0	0	0	0	0	0	0	0	0	0	0	0	0	0	0	0	0	0	0	0	0	0	0	0	0	0	0	0	0	0	0	0	0	0	0	0	0	0	0	0	0	0	0	0	0	0	0	0	0	0	0	0	0	0	0
HIGD1B	0	0	0	0	0	0	0	0	0	0	0	0	0	0	0	0	0	0	0	0	0.13	0	0.252	0	0	0	0	0	0	0	0	0	0	0	0	0	0	0	0	0	0	0	0	0	0	0	0	0.104	0	0	0.207	0	0	0	0	0	0	0	0	0	0	1.127	0	0	0	0	0	0.247	0	0	0.152	0	0	0	0	0	0	0	0	0	0	0	0	0	0	0.319	0	0	0	0
USP6NL	1.632	1.013	1.746	6.6	7.879	9.399	3.958	3.697	5.518	5.088	5.169	5.161	9.143	23.62	18.478	7.008	9.011	10.594	6.364	5.81	10.138	7.313	9.794	9.699	11.731	6.075	3.333	6.291	6.604	5.853	6.531	12.058	9.726	0	6.296	7.852	11.848	0.727	0.134	3.53	9.188	4.952	7.931	0	8.149	1.759	0.222	1.585	5.955	1.516	3.609	0.346	4.537	0.872	0	1.189	4.075	0.49	0.647	0	1.6	1.396	0.133	0.17	1.149	1.473	3.672	3.312	0.477	0.358	5.743	1.555	0	0.121	0	3.908	9.734	4.283	4.367	0	0	0.199	0	0	0	11.049	0	0	0	17.161
ABCD4	78.74	80.539	77.662	27.938	34.293	26.789	22.271	26.406	21.707	21.633	20.816	22.641	34.362	62.166	36.257	35.672	33.931	25.732	38.152	20.042	31.571	38.598	32.959	33.937	14.634	25.161	27.501	28.699	10.055	7.321	3.2	17.635	0.331	5.138	8.18	10.18	5.526	10.193	0.802	10.922	8.039	11.061	9.02	2.255	9.11	6.245	4.174	9.335	8.238	0.134	4.488	28.28	2.668	6.183	2.954	7.514	0.179	1.113	2.376	5.388	0	0	0	9.042	1.558	2.33	0	2.679	0	3.048	0.862	7.172	1.443	5.097	13.46	3.678	0	6.795	10.529	0.789	0.149	0	36.842	3.778	11.364	66.044	1.38	5.618	10.264	3.058
C11orf93	0	0	0	0	0	0	0	0	0	0	0	0	0.556	0	0	0	0	0	0.138	0.356	2.047	0	0	0	5.958	0	0	15.125	0	0	0	0	0	0	0	1.076	0	0	0	0	0	0	0	0	0	0	0	0	0	0	0	0	0	0	0	0	0	0	0	0	0	0	0	0	0	0	0	0	0	0	0	0	0	0	0	0	0	0	0	0	0	0	0	0	0	0	0	0	0	0
DIMT1L	10.591	12.597	10.751	14.651	12.306	15.233	8.965	9.561	6.618	8.756	5.5	5.436	1.243	1.539	36.495	45.849	15.849	9.06	3.689	9.275	4.909	16.728	2.739	10.93	6.791	18.774	29.197	6.771	51.29	69.476	32.461	61.624	32.253	108.939	77.528	79.275	38.109	9.73	58.72	23.975	40.404	34.692	13.406	33.52	5.768	25.279	31.165	6.354	19.611	8.259	20.835	0	41.254	99.589	90.268	76.19	112.909	37.85	39.602	52.991	97.488	70.535	10.583	44.657	33.411	124.923	98.204	54.003	107.112	54.882	99.403	65.52	97.226	90.911	23.37	70.285	51.802	77.355	140.332	40.808	150.811	135.36	5.345	41.545	70.917	0.316	90.788	103.511	31.486	4.238
TEK	5.844	4.235	4.645	13.447	15.343	17.915	3.651	3.511	4.538	4.932	4.176	4.048	7.494	24.755	23.027	4.866	11.342	9.164	7.423	8.744	12.743	12.184	10.126	8.446	6.125	9.589	7	9.698	2.725	1.807	2.078	7.064	1.991	0.45	0.767	3.65	3.614	0	6.957	6.394	1.247	5.362	0	1.062	0	0	0	0	0	0	0	0	0	0	0	0	0	0	0.394	0	0	0	0	0	0	0	0	0	0	0	0	0	0	0.257	0.401	0	0	0	0	0	0	0	0	0	4.094	0	0	0	0	0
SLC25A46	25.85	26.959	26.349	100.69	92.141	90.583	86.584	79.945	97.568	80.725	93.642	78.701	105.343	99.392	84.644	109.312	116.482	131.08	79.478	150.67	79.824	118.835	109.807	108.521	119.249	164.201	80.934	96.376	19.88	40.235	50.543	23.667	40.425	15.087	9.738	28.175	49.015	47.693	17.888	17.844	36.299	26.017	21.058	30.149	33.762	12.367	4.196	16.825	9.184	0.255	11.094	49.306	8.532	5.956	16.156	2.33	9.933	0.794	0	0.802	55.844	13.183	23.356	13.498	17.045	19.508	9.252	2.262	0.581	0.457	18.294	17.202	19.938	53.294	1.643	0.414	0.16	28.506	0	0	0	7.754	0	15.971	5.126	0	1.394	0.136	0.116	29.728
LARP7	454.819	354.219	339.977	524.719	567.168	641.465	332.115	370.758	227.627	321.959	220.367	262.344	115.101	101.166	107.61	144.554	40.344	58.859	36.873	52.467	53.315	48.999	31.002	40.685	22.697	17.861	24.705	34.579	47.775	39.538	53.71	27.869	23.439	54.641	56.947	39.642	35.181	9.253	18.534	11.538	7.879	5.659	29.435	12.945	54.781	58.897	9.804	111.156	78.776	54.687	32.006	38.457	40.158	31.99	23.961	37.235	45.477	31.117	31.406	21.171	22.187	69.438	136.928	5.325	35.342	55.856	82.293	59.645	27.831	22.201	46.536	94.828	37.826	17.607	13.54	88.288	68.732	19.867	72.423	7.083	79.743	109.343	27.957	3.382	39.133	15.743	24.421	73.144	22.825	7.841
